678.000000 0.000000 0.000000
735.220000 0.000000 0.000000
792.440000 0.000000 0.000000
849.660000 0.000000 0.000000
906.880000 0.000000 0.000000
964.100000 0.000000 0.000000
1021.320000 0.000000 0.000000
1078.540000 0.000000 0.000000
1135.760000 0.000000 0.000000
1192.980000 0.000000 0.000000
1250.200000 0.000000 0.000000
1307.420000 0.000000 0.000000
1364.640000 0.000000 0.000000
1421.860000 0.000000 0.000000
1479.080000 0.000000 0.000000
1536.300000 0.000000 0.000000
1593.520000 0.000000 0.000000
1650.740000 0.000000 0.000000
1707.960000 0.000000 0.000000
1765.180000 0.000000 0.000000
1822.400000 0.000000 0.000000
1879.620000 0.000000 0.000000
1936.840000 0.000000 0.000000
1994.060000 0.000000 0.000000
2051.280000 0.000000 0.000000
2108.500000 0.000000 0.000000
2165.720000 0.000000 0.000000
2222.940000 0.000000 0.000000
2280.160000 0.000000 0.000000
2337.380000 0.000000 0.000000
2394.600000 0.000000 0.000000
2451.820000 0.000000 0.000000
2509.040000 0.000000 0.000000
2566.260000 0.000000 0.000000
2623.480000 0.000000 0.000000
2680.700000 0.000000 0.000000
2737.920000 0.000000 0.000000
2795.140000 0.000000 0.000000
2852.360000 0.000000 0.000000
2909.580000 0.000000 0.000000
2966.800000 0.000000 0.000000
3024.020000 0.000000 0.000000
3081.240000 0.000000 0.000000
3138.460000 0.000000 0.000000
3195.680000 0.000000 0.000000
3252.900000 0.000000 0.000000
3310.120000 0.000000 0.000000
3367.340000 0.000000 0.000000
3424.560000 0.000000 0.000000
3481.780000 0.000000 0.000000
3539.000000 0.000000 0.000000
3596.220000 0.000000 0.000000
3653.440000 0.000000 0.000000
3710.660000 0.000000 0.000000
3767.880000 0.000000 0.000000
3825.100000 0.000000 0.000000
3882.320000 0.000000 0.000000
3939.540000 0.000000 0.000000
3996.760000 0.000000 0.000000
4053.980000 0.000000 0.000000
4111.200000 0.000000 0.000000
4168.420000 0.000000 0.000000
4225.640000 0.000000 0.000000
4282.860000 0.000000 0.000000
4340.080000 0.000000 0.000000
4397.300000 0.000000 0.000000
4454.520000 0.000000 0.000000
4511.740000 0.000000 0.000000
4568.960000 0.000000 0.000000
4626.180000 0.000000 0.000000
4683.400000 0.000000 0.000000
4740.620000 0.000000 0.000000
4797.840000 0.000000 0.000000
4855.060000 0.000000 0.000000
4912.280000 0.000000 0.000000
4969.500000 0.000000 0.000000
5026.720000 0.000000 0.000000
5083.940000 0.000000 0.000000
5141.160000 0.000000 0.000000
5198.380000 0.000000 0.000000
5255.600000 0.000000 0.000000
5312.820000 0.000000 0.000000
5370.040000 0.000000 0.000000
5427.260000 0.000000 0.000000
5484.480000 0.000000 0.000000
5541.700000 0.000000 0.000000
5598.920000 0.000000 0.000000
5656.140000 0.000000 0.000000
5713.360000 0.000000 0.000000
5770.580000 0.000000 0.000000
5827.800000 0.000000 0.000000
5885.020000 0.000000 0.000000
5942.240000 0.000000 0.000000
5999.460000 0.000000 0.000000
6056.680000 0.000000 0.000000
6113.900000 0.000000 0.000000
6171.120000 0.000000 0.000000
6228.340000 0.000000 0.000000
6285.560000 0.000000 0.000000
6342.780000 0.000000 0.000000
6400.000000 0.000000 0.000000
Finished.
