678.000000 10.767356 243.915362
735.220000 11.105436 244.092854
792.440000 11.443516 244.270346
849.660000 11.612064 244.926238
906.880000 11.746606 245.678091
964.100000 11.881148 246.429945
1021.320000 12.015690 247.181798
1078.540000 12.150232 247.933651
1135.760000 12.284775 248.685505
1192.980000 12.419317 249.437358
1250.200000 12.553859 250.189212
1307.420000 12.688401 250.941065
1364.640000 12.822943 251.692918
1421.860000 12.957485 252.444772
1479.080000 13.092028 253.196625
1536.300000 13.162449 253.720726
1593.520000 12.972303 253.319306
1650.740000 12.782156 252.917886
1707.960000 12.592010 252.516465
1765.180000 12.401863 252.115045
1822.400000 12.211717 251.713625
1879.620000 12.021570 251.312204
1936.840000 11.831424 250.910784
1994.060000 11.641278 250.509364
2051.280000 11.451131 250.107943
2108.500000 11.260985 249.706523
2165.720000 11.070838 249.305103
2222.940000 10.880692 248.903682
2280.160000 10.690545 248.502262
2337.380000 10.500399 248.100842
2394.600000 10.310252 247.699422
2451.820000 10.120106 247.298001
2509.040000 9.929959 246.896581
2566.260000 9.739813 246.495161
2623.480000 9.549666 246.093740
2680.700000 9.359520 245.692320
2737.920000 9.169374 245.290900
2795.140000 8.979227 244.889479
2852.360000 8.789081 244.488059
2909.580000 8.598934 244.086639
2966.800000 8.408788 243.685218
3024.020000 8.218641 243.283798
3081.240000 8.028495 242.882378
3138.460000 7.838348 242.480958
3195.680000 7.611927 242.873799
3252.900000 7.376342 243.467292
3310.120000 7.140757 244.060785
3367.340000 6.905172 244.654279
3424.560000 6.669587 245.247772
3481.780000 6.434002 245.841265
3539.000000 6.198416 246.434759
3596.220000 5.962831 247.028252
3653.440000 5.727246 247.621745
3710.660000 5.491661 248.215238
3767.880000 5.256076 248.808732
3825.100000 5.020491 249.402225
3882.320000 4.784906 249.995718
3939.540000 4.549321 250.589211
3996.760000 4.313736 251.182705
4053.980000 4.078150 251.776198
4111.200000 3.842565 252.369691
4168.420000 3.606980 252.963184
4225.640000 3.371395 253.556678
4282.860000 3.135810 254.150171
4340.080000 2.900225 254.743664
4397.300000 2.664640 255.337158
4454.520000 2.634361 257.352651
4511.740000 2.681716 259.905847
4568.960000 2.729070 262.459043
4626.180000 2.776425 265.012239
4683.400000 2.823779 267.565434
4740.620000 2.871134 270.118630
4797.840000 2.918488 272.671826
4855.060000 2.965843 275.225022
4912.280000 3.013197 277.778218
4969.500000 3.060552 280.331414
5026.720000 3.107906 282.884610
5083.940000 3.155261 285.437806
5141.160000 3.202615 287.991001
5198.380000 3.249970 290.544197
5255.600000 3.297324 293.097393
5312.820000 3.344679 295.650589
5370.040000 3.392033 298.203785
5427.260000 3.439388 300.756981
5484.480000 3.486742 303.310177
5541.700000 3.534097 305.863372
5598.920000 3.581451 308.416568
5656.140000 3.628806 310.969764
5713.360000 3.676160 313.522960
5770.580000 3.723514 316.076156
5827.800000 3.770869 318.629352
5885.020000 3.828198 316.266392
5942.240000 3.901471 306.044729
5999.460000 3.974745 295.823065
6056.680000 4.048019 285.601402
6113.900000 4.121292 275.379738
6171.120000 4.194566 265.158075
6228.340000 4.267839 254.936411
6285.560000 4.341113 244.714747
6342.780000 4.414386 234.493084
6400.000000 4.487660 224.271420
Finished.
